-0.466353 0 0 0 0 0 0 0 0 0 0 0 0 0 0 0 0 0 0 0 0 0 0 0 0 0 0 0 0 0 0 0 0 0 0 0 0 0 0 0 0 0 0 0 0 0 0 0 
0 0 0 0 0 0 0 0 0 0 0 0 0 0 0.361339 0 0 0 0 0 0 0 0 0 0 0 0 0 0 0 0 0 0 0 0 0 0 0 0 0 0 0 0 0 0 0 0 0 
0 0 0 0 0 0 0 0 0 0 0 0 0 0 0 0 0 0 0 0 0 0 0 0 0.0672628 0 0 0 0 0 0 0 0 0 0 0 0 0 0 0 0 0 0 0 0 0.397382 0 0 
0 0 0 0 0 0 0 0 0 0 0 0 0 0 0 0 0.174902 0.244301 0 0 0 0 -0.425611 0 0 0 0 0 0 0 0 0 0 -0.431623 0 0 0 0 0 0 0 -0.480941 0 0 0 0 0 0 
0.473281 0 0 0 0.242744 0 0 0 0 0 0 0 0 0 0 0 0 -0.40379 0 0 0 0 0 0 0 0 0 0 0 0 0.25602 0 0 0 0 -0.0445875 0 0 0 0 0 0 0 0 0 0 0 0 
0 0 0 0 0 0 0 0 0 0 0 0 0 0 0 0 0 0 0 0 0 0 -0.425336 0 -0.473525 0 0 0 0 -0.408521 0 0 0 0 0.434248 0 0 0 0 0 0 -0.0140996 0 0 0 0 0 0 
0 0 0 0 0 0 0 0 0 0 0 0 0 0 0 0 0 0 0 0 0 0 0 0 0 0 0 0 0 0 0 0 0 0 0 0 0 0 0 0 0 0 0 0 0 0 0 0 
0 0 0 0 0 0 0 0 0 0 0 0 0 0.128208 0 0 0 0 0 0 0 0 0 0 0 0 0 0 0 0 0 0 0 0 0.0632954 0 0 0 0 0 0 0 0 0 0 0 0 0 
0 0 0 0 0 0 0 -0.268715 0 0 0 0 0 0 0 0 0 0 0 0.285165 0 0 0 0 0 0 0 0 0 0 0 0 0 0 0 0 0 0 0 0 0 0 0 0 0 0 0 0 
0 0 0 0 0 0 0 0 0 0 0 0 0 -0.357067 0 0 0 -0.108432 0 0 -0.465133 0 0 0 0 0 0 0 0 0 0 0 0 0 0 0 -0.146764 0 0 0 0 -0.280984 0 0 0 0 0 0 
0 0 0 0 0 0 0 0 0 0 0 0 0 0 0 0 0 0 0 0 0.383129 0 0 0 0 0 0 0 0 0 0 0 0 0 0 0 0 0 0 0 0 0 0 -0.13187 0 0 0 0 
0 0 0 0 0 0 0 0 0 0 0 0 0 0 0 0.126652 0 0 0 0 0 0.220588 0 0 0 0 0 0 0 0 0 0 -0.492691 0 0 0 0 -0.244697 0 0 0 0 0 0 0.453688 0 0 0 
0 0 0 0 0 0 0 0 0 0 -0.224097 0 0 0 0 0 0 0 0 0 0 0 0 0 0 0 0 0 0 0 0 0 0 0 0.0724204 0 0 0 0 -0.0542924 0 0 0 0 0 0 0 0 
0 0 0 0 0 0 0 0 0 0 -0.124119 0 0 0 0 0 0 0 0 0 0 0 0 0 0 0 0 0 0 0 0 0 0 0 0 0 0 0 0 0 0 0 0 0 0 0 0 0 
0 0 0 0 0 0 0 0 0 -0.491073 0 0 0 0 0 0 0.191198 0 0 0 0 0 0 -0.33375 0 0 0 0 0 0 0 0 0 0 0 0 0 0 0 0 0 0 0 0 0 -0.0150456 0 0 
0 0 -0.154424 0 0 0 0 0 0 0 0 0 0 0 0 0 0 0 0 0 0 0 0 0 0 -0.485 0 0 0 0 0 0 0 0 0 0 0 0 0 0 0 0 0 0 0 0 0 0 
0 0 0 0 0 0 0 0 0 0 0 0.343669 0 0 0 0 0 0 0 0 0 0 0 0 0 0 0 0 0 0 0 0 0 0 0 0 0 0 0 0 0 0 0 0 0 0 0 0 
0 0 0 0 0 0 0 0 0 0 0 0 0 0 0 0 0 0.210517 0 0 0 0 0 0 0 0 0 0 -0.149693 0 0 0 0 0 -0.00808741 0 0 0 0 0 0 0 0 0 0 0 0 0 
-0.196936 0 0 0 0 0 0 0 0 0 0 0 0 0 0 0 0 0 0 0 0 0 0 0 0 0 0 0 0 0.37727 0 0 0 0.00482192 0.24662 -0.147862 0 0 0 0 0 0 0 0 0 0.244453 0 0 
0 0 0 0 0 0 0 0 0 0 0 0 0 0 0 0 0 0 0 0 0 0 0 0 0 0 0 0 0 0 0 0 0 0 0 -0.202704 0 0 -0.352672 0 0 0 0 -0.198035 0 0 0 0 
0 0 0 0 0 0 0 0 0 0 0 0 0 0 0 0 -0.308634 0 0 0 0 0 -0.27488 0 0 0 0 0 0 0 0 0 0 0 0 0 0 0 0 0 0 0 0 0 0 -0.11475 0 0 
0.232032 0 0.466628 0 0 0 0 0 0 -0.357646 0 -0.358409 0 0 0 0 0 0 0 0 0 0 0 0 0 0 0 0 0 0 0 0.362255 0 0 -0.0315256 0 0 0 0 0 0.283334 -0.02472 0 0 0 0 0 0 
0 0 0 0 0 0 0 0 0 0 0 0 0 0 0 0 0 0 0 0 0 0.111515 0 0 0 0 0 0 0 0 0 0 0 0 0 0 0 0 0 0 0 0 0 0 0 0.0711997 0 0 
0 0 0 0.455916 0.0171209 0 0 0 0 0 0 0 0 0 -0.44377 0 0 0 0 0 0 0 0 0 0 0 0 0 0 0 0 0 0 0 0 0 0 0 0 0 0 0 0 0 0 0 0.308756 0 
0 0 0 0 0 0 0 0 0 0 0 0 0 0 0.077456 0 0 0 -0.0547197 0 0 0 0 0 0 0 0 0 0 0 0 0 0 0 0 0 0 0 0 0 0 0 0 0 0 0 0 0 
0 0 0 0 0 0 0 0 0 0 0 0 0 -0.113865 0 0 0 0 0 0 0 0 0 0 0 0 0 0 0 0 0 0 0 0 0 0 0 0 0 0 0 0 0 0 0 0 0 0 
0 0 0 0 0 0 0 0 0 0 0 0 0 0 0 0 0 0 0 0 0 0 0 0 0 0 0 0 0 0 0 0 0 0 0 0 0 0 0 0 0 0 0.289956 0 0 0 0 0 
0 0 0 0 0 0 0 0 0 0 0 0 0.34608 0 0 0 0 0 0 0 0 0 0 0 0 0 0 0 0 0 0 0 0 0 0 -0.42317 0 0 0 0 0 0 0 0 0 0 -0.362987 0 
0 0 0 0 0 0.156529 0 0 0 0 -0.426008 0 0 0 0 0 0 0 0 0 0 0 0 0 0 0 0 0 0 0 0 0 0.309122 0 0 0 0 0 0 0 0 0 0 0 0 0 0 0 
0 0 0 0 0 0 0 0 0 0 0 0 0 0 0 -0.0454115 0 0 0 0 0 0 0 0 0 0 0 0 0 0 -0.124393 -0.296793 0 0 0 0 0 0 0 0 0 0 0 0 0 0 0 0.418165 
0 0 0 0 0 0 0 0 0 0 0 0 0 0 0 0 0 0 0 0 0 0 0 0 0 0 0 0 -0.421216 0 0 0 0 0 0 0 0 0 0 0 0 0.0441298 0 0 0 0 0 0 
0 0.0589923 0 0 0 0 0 0 0 0 0 0 0 0 0 0 0 0 0 0 0 0 0 0 0 0 0 0 0 0 0 0 0 0 0 0 0 0 0 0 0 0 0 0 0 0 0 0 
0 0 0 0 0 0 0.0430921 0 0 0 0 0 0 0 0 0 0 0 0 0.126377 0 0 0 0 0 0 0 0 0 0 0 0 0 0 0 0 0 0 0 0 0 0 0 0 0 0 0 0 
0 0 0 0 0 0 0 0 0 0 0 0 0 0 0 0 0 0 0 0 0 0 0 0 0 0 0 0 0 0 0 0 0 0 0 0 0 0 0 0 -0.0212714 0 0 0 0 0 0 0 
0 0 0 0 0 0 0 0 -0.449507 0 0 0 0 0 0 0 0 0 0 0 0 0 0 0 0 0 0 0 0 0 0 0 0 0 0 0 0 0 0 0 0 0 0 0 0 0 0 0 
0 0 0 0 0 0 0 0 0 0 0 0 0 0 0 0 0 0 0 0 0 0 0 0 -0.242164 0 0 0 0 0 0 0 0 0 0 0 0 0 0 -0.00683615 0 0 0 0 0 0 0 0 
0 0 0 0 0 0 0 0 0 -0.150578 0 0 0 0 0 0 0 0 0 0 0 0 0.40025 0 0 0 0 0 0 0 0 0 0 0 0 0 0 0 0 0 0 0 0 0 0 0 0 -0.375927 
0 0 0 0 0 0 0 0 0 0 0 0 0 0 0 0 0 0 0 0 0 0 0 0 -0.02884 0 0 0 0 0 0 0.408826 -0.0676595 0.352947 0 0 0 0 0 0 0 0 0 0 0 0 0 0 
0 0 0 0 0 0 0 0 0 0 0 0 0 0 0 0 0 0 0 0 0 0 0 0 0 0 0 0 0 0 0 0 0 0 0 0 0 0 -0.109409 0 0 0 0 0 0 0 0 0 
0 0 0 0 0 0 0 0.0767846 0 0 0 0 0 0 0 0 0 0 0 0 0 0 0 0 0 -0.046083 0 0 0 0 0 0 0 0 0 0 0 0 0 0 0 0 0 0 0 0 0 0 
0 0 0 0 0 0 0 0 0.236274 0 0 0 0 0 0 0 0 0 0 0 0 0 0 0 0 0 -0.426771 0 -0.331034 0 0 0 0 0 0 0 0 0 0 0 0 0 -0.398633 0 0 0 0 0 
0 0 0 0 0 0 0 0 0 0 0 0 0 0.27781 0 0 0 0 0 0 0 0 0 0 0 0 0 0 0 0 0 0 0 0 0 0 0 0 0 0 0 0 0 0 0 0 0 0 
0 0 0 0 0 0.0615558 0 0 0 0 0 0 0 0 0 0 0 0 0 0 0 0 0 0 0 0 0 0 0 0 0 0 0 0 0 0 0 0 0 0 0 0 0 0 0 0 0 0 
0 -0.128636 0 0 0 0 0 0 0 0 0 0 0 0 0 0 0 0 0 0 0 0 0 0 0 0 0 0 0 0 0 0 0 0 -0.329325 0 0 0 0 0 0 -0.240913 0 0 0 0 0 0 
0 0 0 0 0 0 -0.15772 0 0 0 0 0 -0.154057 0 0 0 0 0 0 0 0 0 0 0 0 0.421918 0 0 0 0 -0.222541 0 0 0 0 0 0 0 0 0 0 0 0 0 0 0 0 0 
0 0 0 0 0 0 0 0 0 -0.438246 0 0 0 0 0 0 0 0 0 0 0 0 0 0 0 0 0 0 0 0 0 0 0 0 0 0 0 0 0 0 0 0 0 0 -0.3549 0 0 0 
0 0 0 0 0 0 0 0 0 0 0 0 0 0 0 0 0 0 0 0 0 0 0 0 0 0 0 0 0 0 0 0 0 0 0 0 0 0 0 0 0 0 0 0 0 0 0 0 
0 0 0 0 0 0 0 0 0 0.0402539 0 0 0 0 0 0 0 0 0 0 0 0 0 0 0 0 0 0 0 0 0 0 0 0 0 0 0 0 0 0 0 0 0 0 0 0 0 0 
0 0 0 0 0 0 0 0 0 0 0 0 0 0 0 0 0 0 0 0 0 0 0 0 0 0 0 0 0 0 0 0 0 -0.247627 0 0 0 0 0 -0.003296 0 0 0 0 0 0 0 0 
0 0 0 0.032197 0 0 0 0 0 0 0 0 0.0109867 0 0 0 0 0 0 0 0 0 0 0 0 0 0 0 0 0 0 0 0 0 0 0 0 0 0 0 0 0 0 0 0 0 0 0 
0 0 0 0 0 0 0 0 0 0 0 0 0 0 0 0 0 0 0 0 0 0 0 0.255043 0 0 0 0 0 0 0.184851 0 0 0 0 0 0 0 0 0 0 0 0 0 0 0 0 0 
0 0 0 0 0 0 0 0 -0.376049 0 0 0 0 0 0 0 0 0 0 0 0 0 0 0 0 0 0 0 0 -0.154118 0 0 0 0 0 0 0 0 0 0 0 0 0 0 0 0 0 0 
0 0 0 0 0 0 0 0 0 0 0 0 0.375469 0 0 -0.286843 0 0 0 0 0 0 0 0 0 0 0 0 0 0 0 0 0 0 0 0 0 0 0 0 0 0 0 0 0 0 0 0 
0.135258 0 0 0 0 0.237403 0 0 0 0 0 0 0 0 0 0 0 0 0 0 0 0 0 0 0 0 0 0 0 0 0 0 0 0 0 0 0.206793 0 0 -0.488205 0 0 0 0 0 0 0 0 
0 0 0 0 -0.371593 0 0 0 0 0 0.102359 0 0 0 0 0 0 0 0 0 0 0 0 0 0 0 0 0 0 0 0 0 0 0 0 0 0 0 0.182562 0 0 0 0 0 0 0 0 0 
0 -0.260292 0 0.471541 0 0 0 -0.0212409 0 0 0 0 0 0 0 0 0 0 0 0 0 0 0 0 0 0 0 0 0 0 -0.248787 0 0 0 0 0 0 0 0 0 0 0 0 0 0 0 0 0 
0 0 0 0 0 0 -0.165502 0 0 0 0 0 0 0 0 0 -0.316263 0 0 0 0 0 0 0 0 0 0 0 0 0 0 0 0 0 0 0 0 0 0 -0.232368 0 0 0 0 0 0 0 0 
0 0 -0.185064 0 0 0 0 0 0 0 -0.0589923 0 0 0 0 0 0 0 0 0 0 0 0 0 0 0 0 0 0 0 0 0 0 0 0 0 0 0 0 0 0 0 0 0 0 0 0 0 
0 0 0 0 0 0 0 0 0 0 0 0 0 0 0 0 0 0 0 -0.420423 0 0 0 -0.0857265 0 0 0 0 0 0 0 0 0 0 0 0 0 0 0 0 0 0 0 0 0 0 0.363048 0 
0 0 0 0 0 0 0 0 0 0 0 0 0 0 0 0 0 0 0 0 0 0 0 0 0 0 0 0 0 0 0 0 0 0 0 0 0 0 0 0 0 0 0 0 0 0 0 0 
0 0 0 0 0 0 0 0 0 0 0 0 0 0 0 0 0 0 0 0 0 0 0 0 0 0 0 0 0 0 0 0 0 0 0 0 0 0 0.230232 0 0 0 0 0 0 0 0 0 
0 0 0 0 0 0 0 0 0 0 0 0 0 0 0 -0.00833155 0 0 0 0 0 0 0 0 0 0 0 0 0 0 0 0 0 0 0 0 0 0 0 -0.421094 0 0.332713 0 0 0 0 0 0 
0 -0.0869778 0 0 0 0 0 0 0 0 0 0 0 0 0 0 0 0 0 0 0 0 -0.116672 0 0 0 0 0 0 0 0 0 0 0 0 0 0 0 0 0 0 0 0 0 0 0 0 0 
0 0 0 0 0 0 0 0 0 0 0 0 0 0 0 0 0 0 0 0 0 0 0 0 0 0 0 0 0 0 0 0 0 0 0 -0.302164 0 0 0 0 0 0 0 0 0 0 0 0 
0 0 0 0 0.128849 0 0 0 0 0 0 0 0 0.0414136 -0.103793 0 0 0 0 0 0 0 0 0 0 0 0 0 0 0 0 -0.114048 0 0 0 0 0 0 0 0 0 0 -0.368542 0 0 0 0 0 
0 0 0 0 0 0 0 0 0 0 0 -0.301035 0 0 0 0 0 0 0 0 0 0 0 -0.465743 0 0 0 0 0 0 0 0 -0.320292 0 0 0.291543 0 0 0 0 0 0 0 0 0 0 0 0 
0 0 0 0 0 0 0 0 0 0 0 0.353008 0 0 0 0 0 0 0 0 0 0 0 0 0 0 0 0 0 0 0 0 0.0932646 0 0 0 0 0 -0.165685 0 0 -0.0681173 0 0 0 0 0 0 
0 0 0 0 0 0 0 0 0 0 0 0 0 0 0 0 0 0 0 0 0 0 0 0 0 0 0 0 0 0 0 0 0 0 0 0 0 -0.164525 0 -0.0961028 0 0 0 0 0 0 0 0 
0 0 0 0 0 0 0 0 0 0 0 0 0 0 0 0 0 0 0 0 0 0 0 0 0 0 0 0 0 0 0 0 0 0 -0.0913724 0 0 0 0 0 0 0 0 0 0 0 0 0 
0 0 0 0 0 0 0 0 0 0 0 0 0 0 0 0 0.496139 0 0 0 0 0 0 0 0 0 0 0 0 0 0 0 0 0 0 0 0 0 0 0 0 0 0 0 0 0 0 0 
0 0 0 0 0 0 0 0 0 0 0 0 0 0 0 0 0 0 0 0 0 0 -0.353465 0 0 0 0 0 -0.185125 0 0 0 0 0 0 0 0 0 0 0 0 0 0 0 0 0 0 0 
0 0 0 0 0 0 0 0 0 0 0 0 0 0 0 0 0 0 0 0 0 0 0 0 0 0 0 0 0 0 0 0 0 0 0 0 0 0 0 0 0 0 0 -0.129185 0 0 0.110508 0 
0 0 0 0 0 0 0 0 0.441847 0 -0.262825 0 0 0 0 0 0 0 0 0 0 0 0 0 0 0 0 0 0 0.307932 0 0 0 0 0 0 0 0 0 0 0 0 0 0 0 0 0 0 
0 0 0 0 -0.0733055 0 0 0 0 0 0 0 0 0 0 0 0 0 0 0 0 0 0 -0.0194708 0 0 0 0 0 0 0 0 0 0 0 0 0 0 0 0 0 0 0 0 0 0 0 -0.428938 
0 0 0 0 0 0 0 0 0 0 0 0 0 0 0 0.392651 0 -0.438826 0 0 -0.12186 0 0 0 0 0 0 0 0 0 0 0 0 0 0 0 0 0 0 0.447615 0 0 0 -0.102237 0 0 0 0 
0 0 0 0 0 0 0 0 0 0 0 0 0 0 0 0 0 0 0 0 0 0 0 0 0 0 0 0 0 0 0 0 0 0 0 0 0 0 0 0 0 0 0 0 0 0 0 0 
0 0 0 0 0 0 0 0 0 0.330454 0 -0.192785 0 0 0 0.356182 0 0 0 0 0 0 0 0 0 0 0 0 -0.414838 0 0 0 0 0 0 0.435316 0 0 0 0 0 0 0 0 0 0 0 0 
0 0 0 0 0 0 0 0 0 0 0 0 0 0 0 0 0 0 0 0 0 0 0 0 0 0 0 -0.132939 0 0 0 0 0 0 0 0 0 0 0 -0.483108 0 0 0 -0.0711081 0.469405 0 0 0 
0 0 0 0 0 0 0 0 0 0 0 0 0 0 0 0 0 0 0 0 0 0 0 0 0 0 0 -0.223426 0 0 0 0 0 0 0 0.0751366 0 0 0 0 0 0 0 0 0 0 0 0 
0 0 0 0 0 0 0 0 0 0 0.160588 0 0 0 0 0 0 0 0 0 0 0 0 0 0 0 0.380688 0 0 0 0 0 0 0 0 0 0 0 0 0 0 0 0 0 0.12418 0 0 0 
0 0 0 0 0 0 0 0.213141 0 0 0 0 0 0 0 0 0 0 0 0 0 0 0 0 0 0 0 0 0 0 0 0 0 0 0 0 0 0 0 0 0 0 0 0 0 0 0 0 
0 0 0 0 0 0 0 0 0 0 0.179388 0 0 0 0 0 0 0 0 0 -0.330912 0 0 0 0 0 0 0 0 0 0 0 0 0 0 0 0 0 0 0 0 0.188818 0 0 0 0 0 0 
0 0 0 0 0 0 0 0 0 0 0 0 0 0 0.0226142 0 0 0 0 0 0 0 0 0 0 0 0 0 0 0 0 0 0.308512 0 0 0 0 -0.418775 0 0 0 0 0 -0.305002 0 -0.411359 0 0 
0 0 0 0 0 0 0 0 0 0 0 0 0 0 0 0 0 0 0 0 0 0 0 0 0 0 0 0 0 0 0 0 0 0 0 0 0 0 0 0 0 0 -0.402997 0 0 0 0 0 
0 0 0 0 0 0 0 0 0 0 0 0 0 0 0 0 0 0 0 0 0 0 0 0 0 0 0 0 0 0 0 0 0 0 0 0 0 0 0 0 0 0 0 0 0 0 0 0 
0 0 0 0 0 0 0 0 0 0 0 0 0 0 0 0 0 0 0 0 0 0 0 0 0 0 0 0 0 0 0 0 0 0 0 0 0 0 0 0 0 0 0 0 0 0 0 0 
0 0 0 0 0 0 0 0 0 0 0 0 0 0 0 0 0 0 0 0 0 0 0 0 -0.170995 -0.200446 0 0 0 0.454878 0 0 0 0 0 0 0 -0.222663 0 0 0 0 0 0 0 0 0 0 
0 0 0 0 0 0 -0.438551 0 0 0 0 0 0 0 0 0 0.182836 0 0 0 0 0 0 0 0 0 0 0 0.462874 0 -0.466201 0.0234993 0 0 0 -0.272713 0 0 0 0 0 0 0 0 0 -0.0174261 0 0 
0 0 0 0 0 0 0 0 0 0 0 0 0 0 0 0 0 0 0 0 -0.230842 0 0 0 0 0.431928 0 0 0 0 0 0 0 0.359844 0 0 0 0 0 0 0 0 0 0 0 0.215766 0 0 
0 0 0 0 0 0 0 0 0 0 0 0 0 0 0 0 0 0 0 0 0 0 0 0 0 0 0 0 0 0 0 0 0 0 0 0 0.420209 0 0 0 0 0 -0.310312 -0.0894497 0 0 0 0 
0 0 0 0 0 0 0 0 0 0 0 0 0 0 0 0 0 0 0 0 0 0 0 0 0 0 0 0 0 0 0 0 0 0 0 0 0 0 0 0 0 0.26426 0 0 0 0 0 0 
0 0 0 0 0 0 0 0 0 0 0 0 0 0 0 0 0 0 0 0 0 0 0 0 0 0 0 0.037019 0 0 0 0 0 0.234352 -0.308329 0.267098 0 0 0 0 0 0 0 0 0 0 0 0.147832 
0 0 0 0 0.081637 0 0 0 0 0 0 0 0 0 -0.0249947 0 0 0 0 0 0 0 0 0 0 0 0 0 0 0 0 0 0 0 0 0 -0.219672 -0.380535 0 0 0 0 0 0 0 0 0 0 
0 0 -0.182318 0 0 0 0 0 0 0 0 0 0 0 -0.340251 0 0 0.021424 0 0 0 0 0 0 0 0 0 0 0 0 0 0 0 0 0 0 0 0 0 0 0 0 0 0 0 0 0 0.424543 
0 0 0 0 0 0 0 0 0 0 0.314829 0 0 0 0 -0.315683 0 0 0 0 0 0 0 0 0 0 0 0 0 0 0 0.120884 0 0 0 0 0 0 0 0 0 0.0879849 0 0 0 0 0 -0.285134 
0 0 0 0 0 0 0 0 0 0 0 -0.139927 0 0 0 0 0 0 0 0 0 0 0 0 0 0 0 0 0 -0.19776 0 0 0 0 0 0 0 0 0 0 0 0 0 0 0 0 0 0 
0 0 0 0 0 0 0 0 0 0 0 0 0 0 0 0 0 0.346355 0 0 0 0 0 -0.221259 0 0 0 0 0 0 0 0 0 0 0 0 0 0 0 0 0 0 0 0 0 0 0 0 
0 0 0 0 0 0 0 0.0384228 0 0 0 0 0 0 0 0 0 0 0 0 0 0 0 0 0 0 0 0 0 0 0 0.307321 0 0 0 0 0 0 0 0 0 0 0 0 0 0 0 0 
-0.285745 0 0 0 0 0 0 0 0 0 0 0 0 0 0 0 0 0 0 0 0 0 0 0 0 0 0 0 0 0 0 0 0 0 0 0 0.118107 -0.0601215 0 0 0 0 0 0 0 0 0 0 
-0.269662 0 0 0 0 0 0 0 0 0 0 0 0 0 0 0 0 0 0 0 0 0 0 0 0 0 0 0 0 0 0 0 0 -0.277535 0 0 0 0 0 0 0 0 0 0 0 0 0 0 
0 0 0 0 0 0 0 0 0 0 0 0 0 0 0 0 0 0 0 0 0 0 0 0 0 0 0 0 0 0 0 0 0 0 0 0 0 0 0 0 0 0 0 0 0 0 0 0 
0 0 0 0 0 -0.409223 0 0 0 0 0 0 0 0 0 0 0 0 0 0 0 0 0 0 0 0 0 0 0.252785 0 0.345408 0 0 0 0 0 0 0 0 0 0 0 0 0 0 0 0 0 
0 0 0 0 0 0 0 0 0 0 0 0 0 0 0 0 0 0 0 0 0 0 0 0.449232 0 0 0 0 0 0 0 0 0.241462 0 0 0 0 0 0 0 0 0 0 0 0 0 0 0 
0 0 0 0 0 0 0 0 0 0 0 0 0 0 0 0 0 0 0 0 0 0 0 0 0 0 0.218818 0 0 0 0 0 0 0 0 0 0 0 0 0 0 0 0 0 0 0 0 0 
0 0 0 0 0 0 0 0 0 0 0 0 0 0 0 0 0 0 0 0 0 0 0 0 0 0 0 0 0 0 0 0 0 0 0 0 0 0 0 0 0 0 0 0 0 0 0 0 
0 0 0 0 0 0 0 0 0 0 0 0 0 0 0 0 0 0 0 0 0 0 0 0 0 0 0 0 0 0 0.182043 0 0 0 0 0 0 0 0 0 0 0 0 0 0 0 0 0 
0 0 0 0 0 0 0 0 0 0 0 0 0 0 0 0 0 0 0 0 0 0 0 -0.371532 0 0 0 0 0 0 0 0 0 0 0 0 0 0 0 0 0 0 0 0 0 -0.217414 0 0 
0 0 0 0 0 0 0 0 0 0 0 0 0 0 0 0 0 0 0 0 0 0 0 0 0 0 0 -0.484817 0 0 0 -0.0322886 0 0 0 0 0 0 0 0 0 0 0 0 0 0 0 -0.0667745 
0 0 0 0 0 0 0 0 0 0 0 0 0 0 0 0 0 0 0 0 0 0 0 0 0 0 0 0 0 0 0 0 0 0 0 0 0 0 0 0 0 0 0 0 0 0 -0.254402 0 
0 0 0 0 0 -0.214789 0 0 0 0 0 0 0 -0.263161 0 0 0 0 0 0 0 0 0 0 0 0.212714 0 0 0 0 0.0741295 0 0 0 0 0 0 0 0 0 0 0 0 0 0 0 0 0 
0 0 0 0 0 0 0 0 0 0 0 0 0 0 0 0 0 0 0 0 0 0 0 0 0 0 0 0 0 0 0 0.409711 0.398907 0 0 0 0 0 0 0 0 0 0 0 0 0 0 0 
0.0943022 0 -0.327403 0 0 0 0 0 0 0 0 0 0 0 0 0 0 0 0 0 0 0 0 0 0 0 0 0 0 0 0 0 0 0 0 0 0 0 0 0 0 -0.176061 0 0 0 0 0 0 
0 0 0.0936003 0 0 0 0 0 0 0 0.0413526 0 0 0 0 0 0 0 0 0 0 0 0 0 0 0.423719 0 0 0.13123 0 0 0 0 0.0492569 0 0 0 0 0 0 0 0 0 0 0 0 0 0 
0 0 0 0 0 0 0 0 0 0 0 0 0 0 0 0 0 0 0 0 0 0 0 0 0 0 0 0 0 0 0 0 0 0 0 0 0 0 0 0 0 0 0 0 0 0 0 0 
0 0 0 0 0 0 0 0 0 0 0 0 0 0 0 0 0 0 0 0 0 0 0 0 0 0 0 0 0 0 0 0 0 0 0 0 0 0 0 0 0 0 0 -0.252052 0 0 0 0 
0 0 0 0 0 0 0 0 0 0 0 0 0 0 0 0 0 0 0 0 0 0 0 0 0 0 0 0 0 0 0 0.183569 0 0 0 0 0 0 0 0 0 0 0 0 0 0 0 0 
0 0 0 0 0 0 0 0 0 0 0 0 0 0 0 0 0 0 0 0.00582904 0 0 0 0.483566 0 0 0 0 -0.244392 0 0 0 0 0 0 0 0 0 0 0 0 0 0 0 0 0 0 0 
0 0 0 0 0 0 0 0 0 0 -0.27897 0 0 -0.0860012 0 0 0 0 0 0 0 0 0 0 0 0 0 0 0 0 0 0 0 0 0 0 0 0 0 0 0 0 0 0 0 0 0 0 
0 0 0 0 0 0 0 0 0 0 0 0 0 0 0 0 0 -0.389843 0 -0.274789 0 0 0 0 0 0 0 0 0 0 0 0 0 -0.384503 0 0 0 0 0 0 0 0 0 0 0 0 0 0 
0 0 0 0 0 0 0 0 0 0 0 0 0 0 0 0 0 0 0 0 0 0 0 0 0 0 0 0 0 0 0 0 0 0 0 0 0 0 0 0 0 0 0 0 0 0 0 0 
